Sequence id		%				Total %
0			0.4105325057816608		0.4105325057816608
1			0.2625961139333083		0.6731286197149691
2			0.1382805242039098		0.8114091439188789
3			0.06365262596113934		0.8750617698800182
5			0.027282520606431975		0.9023442904864502
4			0.026664821806250124		0.9290091122927002
6			0.02141685279990512		0.9504259650926054
7			0.013614081556007986		0.9640400466486133
8			0.00732343697495602		0.9713634836235693
9			0.0035727698602518233		0.9749362534838211
10			0.0023620802118953965		0.9772983336957165
11			0.0018975707141586449		0.9791959044098751
12			0.0016554327844873595		0.9808513371943625
13			0.0011118578403273309		0.9819631950346898
14			0.0009833764898895061		0.9829465715245793
15			0.0008647783202545907		0.9838113498448339
16			0.0007610049218240399		0.9845723547666579
18			0.0006918226562036726		0.9852641774228617
20			0.000681939475400763		0.9859461168982624
23			0.000681939475400763		0.9866280563736631
17			0.000657231523393489		0.9872852878970566
21			0.0006424067521891246		0.9879276946492457
19			0.0006424067521891246		0.9885701014014348
26			0.0005929908481745765		0.9891630922496093
24			0.0005781660769702121		0.9897412583265796
22			0.0005633413057658477		0.9903045996323454
25			0.0005238085825542093		0.9908284082148996
27			0.0005139254017512997		0.9913423336166509
28			0.00050404222094839		0.9918463758375993
31			0.0004645094977367516		0.9923108853353361
30			0.0004496847265323872		0.9927605700618685
33			0.0004496847265323872		0.9932102547884009
29			0.00041509359372220357		0.993625348382123
32			0.00039532723211638433		0.9940206756142395
35			0.0003557945089047459		0.9943764701231442
34			0.0003557945089047459		0.994732264632049
36			0.00031132019529165266		0.9950435848273407
37			0.00028167065288292386		0.9953252554802235
38			0.00027178747208001425		0.9955970429523036
39			0.00025696270087564985		0.9958540056531792
42			0.000227313158466921		0.9960813188116461
43			0.0002124883872625566		0.9962938071989086
41			0.00020754679686110178		0.9965013539957697
40			0.00020260520645964697		0.9967039592022293
44			0.00019272202565673736		0.9968966812278861
45			0.00017295566405091815		0.9970696368919371
47			0.0001185981696349153		0.997188235061572
49			0.0001136565792334605		0.9973018916408054
51			0.0001136565792334605		0.9974155482200389
46			0.00010377339843055089		0.9975193216184695
50			9.883180802909608e-05		0.9976181534264985
48			9.883180802909608e-05		0.9977169852345276
55			9.389021762764127e-05		0.9978108754521552
56			7.906544642327686e-05		0.9978899408985785
52			7.906544642327686e-05		0.9979690063450019
59			7.412385602182207e-05		0.9980431302010236
57			6.918226562036726e-05		0.998112312466644
62			6.918226562036726e-05		0.9981814947322644
54			6.918226562036726e-05		0.9982506769978847
53			5.929908481745765e-05		0.9983099760827022
107			4.447431361309324e-05		0.9983544503963153
60			4.447431361309324e-05		0.9983989247099284
72			3.953272321163843e-05		0.9984384574331401
136			3.953272321163843e-05		0.9984779901563517
90			3.459113281018363e-05		0.998512581289162
65			3.459113281018363e-05		0.9985471724219722
64			2.9649542408728826e-05		0.9985768219643809
66			2.9649542408728826e-05		0.9986064715067896
95			2.9649542408728826e-05		0.9986361210491983
84			2.9649542408728826e-05		0.998665770591607
93			2.9649542408728826e-05		0.9986954201340157
116			2.9649542408728826e-05		0.9987250696764244
148			2.9649542408728826e-05		0.9987547192188331
94			2.470795200727402e-05		0.9987794271708403
61			2.470795200727402e-05		0.9988041351228476
87			2.470795200727402e-05		0.9988288430748549
92			2.470795200727402e-05		0.9988535510268621
98			2.470795200727402e-05		0.9988782589788694
145			2.470795200727402e-05		0.9989029669308767
119			2.470795200727402e-05		0.9989276748828839
91			2.470795200727402e-05		0.9989523828348912
68			2.470795200727402e-05		0.9989770907868984
80			2.470795200727402e-05		0.9990017987389057
108			1.9766361605819215e-05		0.9990215651005115
109			1.9766361605819215e-05		0.9990413314621174
86			1.9766361605819215e-05		0.9990610978237232
120			1.9766361605819215e-05		0.999080864185329
121			1.9766361605819215e-05		0.9991006305469349
126			1.9766361605819215e-05		0.9991203969085407
73			1.9766361605819215e-05		0.9991401632701465
97			1.9766361605819215e-05		0.9991599296317524
103			1.9766361605819215e-05		0.9991796959933582
67			1.9766361605819215e-05		0.999199462354964
96			1.9766361605819215e-05		0.9992192287165699
138			1.9766361605819215e-05		0.9992389950781757
77			1.9766361605819215e-05		0.9992587614397815
122			1.9766361605819215e-05		0.9992785278013874
191			1.9766361605819215e-05		0.9992982941629932
71			1.9766361605819215e-05		0.999318060524599
69			1.9766361605819215e-05		0.9993378268862049
83			1.9766361605819215e-05		0.9993575932478107
99			1.9766361605819215e-05		0.9993773596094165
63			1.9766361605819215e-05		0.9993971259710224
82			1.9766361605819215e-05		0.9994168923326282
75			1.4824771204364413e-05		0.9994317171038326
88			1.4824771204364413e-05		0.999446541875037
85			1.4824771204364413e-05		0.9994613666462414
125			1.4824771204364413e-05		0.9994761914174458
70			1.4824771204364413e-05		0.9994910161886502
160			1.4824771204364413e-05		0.9995058409598546
192			1.4824771204364413e-05		0.999520665731059
123			1.4824771204364413e-05		0.9995354905022634
76			1.4824771204364413e-05		0.9995503152734678
129			1.4824771204364413e-05		0.9995651400446722
139			1.4824771204364413e-05		0.9995799648158766
164			1.4824771204364413e-05		0.999594789587081
162			1.4824771204364413e-05		0.9996096143582854
81			1.4824771204364413e-05		0.9996244391294898
106			9.883180802909608e-06		0.9996343223102927
111			9.883180802909608e-06		0.9996442054910956
140			9.883180802909608e-06		0.9996540886718984
143			9.883180802909608e-06		0.9996639718527013
144			9.883180802909608e-06		0.9996738550335041
146			9.883180802909608e-06		0.999683738214307
105			9.883180802909608e-06		0.9996936213951099
134			9.883180802909608e-06		0.9997035045759127
132			9.883180802909608e-06		0.9997133877567156
189			9.883180802909608e-06		0.9997232709375184
193			9.883180802909608e-06		0.9997331541183213
194			9.883180802909608e-06		0.9997430372991242
133			9.883180802909608e-06		0.999752920479927
137			9.883180802909608e-06		0.9997628036607299
158			9.883180802909608e-06		0.9997726868415328
161			9.883180802909608e-06		0.9997825700223356
179			9.883180802909608e-06		0.9997924532031385
180			9.883180802909608e-06		0.9998023363839413
112			9.883180802909608e-06		0.9998122195647442
115			9.883180802909608e-06		0.9998221027455471
157			9.883180802909608e-06		0.9998319859263499
113			9.883180802909608e-06		0.9998418691071528
114			9.883180802909608e-06		0.9998517522879556
153			9.883180802909608e-06		0.9998616354687585
175			9.883180802909608e-06		0.9998715186495614
183			9.883180802909608e-06		0.9998814018303642
78			9.883180802909608e-06		0.9998912850111671
79			9.883180802909608e-06		0.99990116819197
58			9.883180802909608e-06		0.9999110513727728
102			9.883180802909608e-06		0.9999209345535757
131			9.883180802909608e-06		0.9999308177343785
165			9.883180802909608e-06		0.9999407009151814
89			9.883180802909608e-06		0.9999505840959843
74			9.883180802909608e-06		0.9999604672767871
124			4.941590401454804e-06		0.9999654088671885
149			4.941590401454804e-06		0.99997035045759
150			4.941590401454804e-06		0.9999752920479914
155			4.941590401454804e-06		0.9999802336383928
118			4.941590401454804e-06		0.9999851752287943
117			4.941590401454804e-06		0.9999901168191957
159			4.941590401454804e-06		0.9999950584095971
168			4.941590401454804e-06		0.9999999999999986
total seq: 160
